test/accuracy: 92.780 python3 train.py model.n_layers=4 model.d_model=256 loader.batch_size=2000 trainer.max_epochs=200 hydra.run.dir=/work/outputs/rnn/mnist/layer-4_d-256_200 wandb.project=rnn_mnist wandb.name=rnn_4_256 # {'val/accuracy': 0.9293333888053894, 'val/loss': 0.3257192373275757, 'test/accuracy': 0.9277999997138977, 'test/loss': 0.3453209698200226}
test/accuracy: 93.029 python3 train.py experiment=ltc_ncps/mnist hydra.run.dir=/work/outputs/ncps/28_64 wandb.project=ltc_mnist wandb.name=ncps64_mnist # {'val/accuracy': 0.9295176863670349, 'val/accuracy_epoch': 0.9295176863670349, 'val/loss': 0.2279348522424698, 'val/loss_epoch': 0.2279348522424698, 'test/accuracy': 0.9302884340286255, 'test/accuracy_epoch': 0.9302884340286255, 'test/loss': 0.234395369887352, 'test/loss_epoch': 0.234395369887352}
test/accuracy: 97.917 python3 train.py experiment=ltc_ncps/mnist hydra.run.dir=/work/outputs/ncps/28_64-lstm wandb.project=ltc_mnist wandb.name=ncps64_lstm_mnist # {'val/accuracy': 0.980808436870575, 'val/accuracy_epoch': 0.980808436870575, 'val/loss': 0.07140502333641052, 'val/loss_epoch': 0.07140502333641052, 'test/accuracy': 0.9791666865348816, 'test/accuracy_epoch': 0.9791666865348816, 'test/loss': 0.0668514147400856, 'test/loss_epoch': 0.0668514147400856}
